11591455
16897723
12468047
12710980
16952349
10942013
16817864
9697119
8821047
15522999
16697978
11161632
12609492
12573519
17250683
19046381
19501064
11226671
17011596
11801359
18801112
18797249
8856698
11044594
14750659
11403963
8782876
15665416
17942121
14644478
12753091
12483089
11553282
17196560
17267580
15147906
16009352
12065713
8822372
11334279
17492691
12111860
9119908
12106676
16236334
20434435
19118538
11074152
19615349
17299028
22203191
22248638
11312571
18407501
20377305
10961661
15831445
16611808
16424917
10471078
17308309
18655777
14977068
22466550
15473981
16989956
17156678
18328812
17632186
11069578
19644042
9337128
17045636
12065699
21736883
16356733
18599589
15985312
16140172
14644469
17629391
8720470
18198419
16367773
11549385
12472898
15748165
15974913
9389604
11273006
8666045
10550658
15319009
21845571
7812795
9579489
9862772
11123360
20622272
