15758153
15834427
11978821
15452193
12064471
16246051
19061963
9830016
10978169
12663096
16135089
17692997
14523085
15709474
17192927
15670587
19515926
10400678
17634359
19671883
19059464
15312168
18537540
17855343
17413011
16042545
21593310
16150730
15743924
17156133
12665519
14598316
19115392
9045694
16941495
12843253
12475558
18678563
10684867
8626544
16154266
18300294
15890777
12081630
17429215
15582282
15240796
17956317
11102481
15473868
15670741
12153480
17223266
15772078
12421354
19355846
24840308
18585048
11991763
17595112
16828233
15537891
17320856
12738769
16300630
18216187
16863248
18156464
19519664
12740129
19768812
12423249
19170166
19121379
11006528
11701763
16469784
22451307
20157254
25637092
11447825
21170492
20148964
8999874
9521679
20138088
9765896
11928725
11683988
22375951
28626017
18568035
7721886
18359102
20856923
24723110
23601807
11802707
18417702
