16310349
16792288
11860483
16530860
17360898
17376847
14634657
3411363
22021914
7143039
19889998
3411361
16481461
20702719
21200434
19163917
11994131
12167777
10762373
16424458
24921388
10024363
12612044
23366234
12686573
16462598
11709483
10886326
16738219
14622238
18279330
18160425
8985892
20130974
9507975
16120778
9425187
24809544
16207884
24503623
15802010
15590736
14684860
17071240
9548253
7525247
17714196
21048123
12878717
16870724
21273313
7703686
17376854
18511304
22157115
11143378
25869861
18003881
18784297
20100578
18559096
16425835
23543888
17596418
12582054
23367398
19155551
28100654
26041914
17946968
25210154
16291944
2911737
1527573
14511817
22570195
16029963
23981719
17392416
18022247
17521576
19233174
22031899
8506287
20884766
21096002
21097299
19424783
17005623
16510727
17494696
16930422
17071239
16855111
25946198
16298517
17224242
17329441
18216207
