10526099
11222998
21501651
17613235
22007835
18560439
17678960
18160227
14672808
19576514
18031717
21857898
17156757
16624562
19187098
18431253
19066093
12076079
18624955
19712057
11592852
23571276
15671273
15711567
11404174
16212944
19300451
14662518
9596253
17687559
19000419
16029217
14663336
18941468
17184751
16998798
9756602
11129784
17279554
12044662
20816826
21318404
15721222
17971790
20950592
19794148
14663338
16624294
16973272
21803344
17213862
25226558
10206300
22256767
20570121
22173873
16707552
18694576
11929634
11356303
10896779
15729288
20663046
18691572
15099024
18809469
14987950
21717368
19210333
17957131
16671440
11567062
15764676
16177809
24316243
15976526
15870843
15815585
22813865
10820269
18255236
16046515
15094511
12488800
17644578
18000599
19073180
16373278
15531084
12810672
15240428
9710810
22378877
25889169
16192992
10366192
14761770
18385064
12842442
