22410125
22025213
27446983
22777354
30134951
18787417
20458274
8712293
26343330
21908556
7954261
24691501
22751464
12874968
8055451
23860929
23457626
19920187
15166671
23883667
17982119
27776557
25605670
9128269
17266026
20421921
11850540
18928525
10945643
10904098
19218449
16280035
23851504
28707729
9816058
16033090
25077370
10478664
8816587
15593325
20412586
7911998
21935747
9827718
18657193
18479514
24121271
23208501
20103725
7513249
27589390
1355464
10674443
24297178
21135965
17134566
9504685
22053985
15737842
10481945
19782135
27374087
26255059
7473818
9006344
23184608
11169513
12784329
18723312
10872036
17465194
2536585
10810403
17522367
23110523
18223211
9928552
22825334
19949854
8646681
22688217
14693746
9390032
26215578
20006623
25473842
27097643
25285161
28549415
30194658
25406584
16292950
30111373
21124756
24371431
30145750
30443411
25742185
27116366
