25174890
26123485
25174649
22539006
25830304
21698001
20382224
20130188
24830390
25836420
26546614
23813973
26744332
25731749
29386392
21168496
21454543
26363496
29038245
28321439
25000966
22363216
18182054
26931464
22357653
26269629
18258746
23963789
20659558
22988862
19741132
21248115
23231918
19667187
20074637
29054882
23241745
26253900
27413152
22166430
19769964
29268033
25804954
17623048
28720718
26282470
21972245
29088368
22736029
24459295
26159606
26251043
26651604
22534020
22773119
24725412
19545277
28973664
22228096
24993787
27023913
21828077
30411383
19625511
21390248
28826027
22315971
22639965
25446991
26808467
24025585
26744328
22204929
23065705
27063942
20850369
21238487
27364102
24754922
24282027
23646112
24167564
29305532
22433811
23455607
22647713
21362567
18805725
24652679
24496098
27794539
27798112
22578536
16269541
20720502
17498648
25017139
22988877
21857923
