22970194
23468640
26774442
16687439
25645993
12554681
30312299
19497791
16204034
24971578
19997493
21897851
18930147
26581643
22344730
29856032
11317354
16728433
18206535
21536587
9887339
27979358
29529236
12217951
29075942
21170307
15198993
23209427
28934397
12091911
19436705
20302627
26994442
24443562
27155933
18057311
10429667
16837128
20053912
20935170
10615123
21540131
28334820
22914735
24191263
28827832
23071719
26232222
27913616
28729730
17054581
24403070
18551179
22289650
12697826
29019003
23933738
15942939
16260499
23089356
26047474
9368761
11901110
10581038
22072510
21887328
28453523
21907095
28642124
11494364
26333255
26295712
24550389
18505871
17715336
26165466
20864123
16322221
17409200
15467433
15848234
24924810
10627141
16423994
21840924
24323032
11063736
18412970
15715978
23316435
25662336
11154280
18787700
8910404
9203583
15475387
23724141
12223581
10359802
